[{"id": 0, "img_name": "IMG_5174", "width": 256, "height": 170, "position": [3.7290529505050287, 14.806175171676928, 12.152011536424641], "rotation": [[0.995028962648208, 0.0886154721796856, -0.04543854730955649], [-0.09173895125521206, 0.9931757456764005, -0.0720132142229469], [0.038746978125077866, 0.07582371852196108, 0.9963681224304989]], "fy": 5684.893299248002, "fx": 5684.893299248002}, {"id": 1, "img_name": "IMG_5263", "width": 256, "height": 170, "position": [13.497594409393216, -1.4271279626974844, -2.1932795142465915], "rotation": [[0.9867726585392415, 0.13584068295980606, -0.08847049910795744], [-0.13552897226051794, 0.9907273670220044, 0.009548922015306681], [0.08894727672843845, 0.0025677006562484783, 0.9960330259965954]], "fy": 5684.893299248002, "fx": 5684.893299248002}, {"id": 2, "img_name": "IMG_5264", "width": 256, "height": 170, "position": [1.392206672534505, 0.29657207367685295, 0.49680073332261165], "rotation": [[0.9967998745337435, 0.0733429525847624, -0.03179341811857157], [-0.07331695474542028, 0.9973067164466931, 0.0019843077315093265], [0.031853324416315075, 0.000353038899596703, 0.9994924917612761]], "fy": 5684.893299248002, "fx": 5684.893299248002}, {"id": 3, "img_name": "IMG_5265", "width": 256, "height": 170, "position": [-5.1212597353316385, 1.1305558895367724, 1.6964787424557315], "rotation": [[0.9999995496989417, -0.0005402326979985493, 0.0007802246767577061], [0.0005415692573670194, 0.9999983847090002, -0.0017138500897357098], [-0.0007792975386098649, 0.0017142718636859716, 0.9999982269820901]], "fy": 5684.893299248002, "fx": 5684.893299248002}]