[{"id": 0, "img_name": "IMG_5146", "width": 51, "height": 58, "position": [2.0258141874040065, 0.37734495749348457, 1.6305157689403436], "rotation": [[0.8703248560026842, 0.04007849958537174, -0.4908445363808099], [-0.08027139588754383, 0.9948989431872072, -0.06109497399331385], [0.48589211562462303, 0.09257325054228051, 0.8691024365734249]], "fy": 85.95659286244418, "fx": 45.504223035140896}, {"id": 1, "img_name": "IMG_5147", "width": 51, "height": 58, "position": [1.1986915008156311, 0.8465776929974952, 1.175248357096351], "rotation": [[0.9590997227256577, 0.04983414508454712, -0.2786472319102757], [-0.10046020326564652, 0.9802274295070463, -0.1704756111642758], [0.264642153534526, 0.19149606895625995, 0.9451422041930557]], "fy": 85.95659286244418, "fx": 45.504223035140896}, {"id": 2, "img_name": "IMG_5148", "width": 51, "height": 58, "position": [0.16641569797852038, 0.530277793096486, 0.5660910245900439], "rotation": [[0.990445087295036, 0.13673299583862347, -0.017961539525433178], [-0.13761394404785468, 0.9884131148198116, -0.06404620875423872], [0.00899619123421964, 0.06590601111577436, 0.9977852806300985]], "fy": 85.95659286244418, "fx": 45.504223035140896}, {"id": 3, "img_name": "IMG_5149", "width": 51, "height": 58, "position": [-1.493942119847184, 1.464912386600121, -2.5811239854710704], "rotation": [[0.9914752694522863, 0.12939844356842276, 0.015258861903373609], [-0.12770125271614244, 0.9883023715331339, -0.08337153277175212], [-0.0258685159845792, 0.0807122371394396, 0.9964017034593541]], "fy": 85.95659286244418, "fx": 45.504223035140896}, {"id": 4, "img_name": "IMG_5150", "width": 51, "height": 58, "position": [-2.0360814871862885, 2.0617041431790195, -5.616815712902466], "rotation": [[0.9902756684410108, 0.003548334608328576, 0.13907375674517725], [0.01884607963628829, 0.987037894265329, -0.15937697627514452], [-0.1378365908460162, 0.16044813680991327, 0.9773727383236016]], "fy": 85.95659286244418, "fx": 45.504223035140896}, {"id": 5, "img_name": "IMG_5193", "width": 51, "height": 58, "position": [0.11449106645432951, 0.6114491147121416, -0.6073471049471753], "rotation": [[0.9785117642628205, 0.20540041061898062, -0.018038805858938058], [-0.20606868507696607, 0.9771946115209579, -0.0512482999235528], [0.007101002035804533, 0.053864297377375865, 0.9985230158780163]], "fy": 85.95659286244418, "fx": 45.504223035140896}, {"id": 6, "img_name": "IMG_5238", "width": 51, "height": 58, "position": [1.1425450358804576, -0.6303726506912514, -0.27501265485549337], "rotation": [[0.6668455190708698, 0.7038560846585895, -0.24475225388989377], [-0.7027364000189945, 0.7032463404603486, 0.10773178137147506], [0.24794879669691156, 0.10015586212602814, 0.9635819620034125]], "fy": 85.95659286244418, "fx": 45.504223035140896}, {"id": 7, "img_name": "IMG_5239", "width": 51, "height": 58, "position": [1.4089741038120156, -1.6073911103583387, 3.2540662159731046], "rotation": [[0.8592329172804578, 0.30658004340845213, -0.4095454441760836], [-0.25076874034728125, 0.9501723418815992, 0.1851690027728057], [0.4459078747077156, -0.05640210729138674, 0.8933000445352832]], "fy": 85.95659286244418, "fx": 45.504223035140896}, {"id": 8, "img_name": "IMG_5240", "width": 51, "height": 58, "position": [0.49762116147332974, -1.1383647041038163, 3.524741927225859], "rotation": [[0.9421478221851397, 0.2003591871087274, -0.26872602645246024], [-0.1674453667505814, 0.9758185700391888, 0.1404997064781135], [0.2903782538441226, -0.08737456442124739, 0.9529145581775083]], "fy": 85.95659286244418, "fx": 45.504223035140896}, {"id": 9, "img_name": "IMG_5241", "width": 51, "height": 58, "position": [-0.9987148090834687, -0.45443351922608066, 2.454377693682328], "rotation": [[0.9863172958898285, 0.16298967997317565, 0.024749869713157138], [-0.16397737714928404, 0.9854268717299173, 0.04522499591852522], [-0.01701797907561086, -0.04866461440133833, 0.9986701876462274]], "fy": 85.95659286244418, "fx": 45.504223035140896}]